x^2 + 7x + 2:
10
15
20
26
32
38
46
53
61
70
79
89
99
109
120
132
144
157
170
183
197
212
227
242
258
274
291
309
327
345
364
384
403
424
445
466
488
510
533
556
580
604
629
655
680
707
733
761
788
816
845
874
904
934
965
996
1028
1060
1092
1126
1159
1193
1228
1263
1299
1335
1371
1408
1446
1484
1522
1561
1601
1641
1681
1722
1764
1805
1848
1891
1934
1978
2022
2067
2113
2159
2205
2252
2299
2347
2395
2444
2493
2543
2593
2644
2695
2747
2799
2852

3x + 2:
5
6
8
9
11
12
14
15
17
18
20
21
23
24
26
27
29
30
32
33
35
36
38
39
41
42
44
45
47
48
50
51
53
54
55
57
58
60
61
63
64
66
67
69
70
72
73
75
76
78
79
81
82
84
85
87
88
90
91
93
94
96
97
99
100
102
103
104
106
107
109
110
112
113
115
116
118
119
121
122
124
125
127
128
130
131
133
134
136
137
139
140
142
143
145
146
148
149
151
152

x^2:
1
2
4
6
9
12
16
20
25
30
35
42
48
55
63
71
80
89
98
108
119
130
141
153
166
179
192
206
221
236
251
267
284
300
318
336
354
373
392
412
433
453
475
497
519
542
565
589
613
638
663
689
715
742
769
796
825
853
883
912
942
973
1004
1036
1068
1100
1133
1167
1201
1236
1271
1306
1342
1379
1416
1453
1491
1530
1569
1608
1648
1688
1729
1771
1813
1855
1898
1941
1985
2030
2074
2120
2166
2212
2259
2306
2354
2402
2451
2500

x^3:
1
3
8
15
26
42
63
89
122
162
211
268
334
411
499
598
710
834
973
1126
1295
1479
1680
1899
2136
2392
2668
2963
3280
3619
3981
4365
4774
5208
5667
6152
6664
7204
7772
8369
8996
9654
10343
11064
11818
12605
13426
14283
15175
16103
17069
18072
19114
20195
21317
22479
23682
24928
26217
27549
28926
30348
31815
33330
34891
36501
38159
39867
41625
43434
45295
47208
49174
51194
53269
55399
57585
59827
62128
64486
66903
69380
71918
74516
77177
79900
82686
85536
88452
91432
94479
97593
100774
104024
107343
110732
114191
117722
121325
125000

x^5:
1
7
31
95
235
507
986
1774
3001
4828
7454
11115
16092
22710
31345
42428
56445
73944
95536
121902
153791
192030
237523
291257
354303
427823
513070
611395
724248
853183
999859
1166048
1353636
1564626
1801140
2065430
2359871
2686974
3049383
3449883
3891399
4377005
4909924
5493531
6131359
6827102
7584617
8407929
9301234
10268903
11315486
12445712
13664500
14976953
16388370
17904246
19530274
21272350
23136579
25129276
27256967
29526399
31944539
34518577
37255934
40164260
43251442
46525607
49995120
53668598
57554902
61663150
66002716
70583232
75414597
80506975
85870802
91516788
97455923
103699476
110259002
117146346
124373645
131953330
139898134
148221092
156935544
166055144
175593856
185565963
195986070
206869103
218230319
230085307
242449987
255340623
268773818
282766521
297336031
312500000

x^3 + 2x^2 + x + 10:
14
19
28
40
57
80
108
143
186
237
297
367
447
539
642
758
888
1031
1189
1363
1553
1760
1985
2228
2491
2773
3076
3400
3747
4116
4509
4926
5368
5836
6330
6852
7401
7979
8586
9224
9892
10592
11324
12089
12888
13721
14590
15494
16435
17414
18430
19486
20581
21716
22892
24110
25370
26674
28022
29414
30851
32335
33865
35443
37070
38745
40470
42245
44072
45951
47882
49867
51905
53999
56148
58353
60616
62936
65315
67752
70250
72808
75428
78110
80855
83663
86536
89473
92477
95546
98683
101888
105162
108505
111918
115402
118957
122585
126286
130060

x^4 - 3x^3 + 2x^2 + 100:
100
99
100
104
117
144
192
270
388
558
792
1105
1513
2033
2683
3485
4459
5629
7019
8655
10564
12776
15320
18228
21534
25272
29477
34188
39443
45283
51749
58884
66734
75345
84763
95038
106220
118362
131515
145736
161081
177606
195372
214438
234866
256720
280065
304967
331494
359714
389699
421520
455251
490966
528743
568659
610793
655225
702039
751316
803144
857607
914794
974793
1037697
1103596
1172585
1244759
1320214
1399048
1481360
1567252
1656825
1750183
1847432
1948678
2054029
2163595
2277486
2395815
2518695
2646242
2778573
2915805
3058058
3205454
3358114
3516163
3679725
3848928
4023899
4204769
4391668
4584730
4784087
4989875
5202232
5421295
5647204
5880100

sin(x):
1
1
1
1
0
0
0
0
0
0
0
0
1
1
1
1
0
0
0
0
0
0
0
0
0
1
1
1
1
0
0
0
0
0
0
0
0
0
1
1
1
1
0
0
0
0
0
0
0
0
1
1
1
1
1
0
0
0
0
0
0
0
0
1
1
1
1
0
0
0
0
0
0
0
0
0
1
1
1
1
0
0
0
0
0
0
0
0
1
1
1
1
1
0
0
0
0
0
0
0

cos(x):
1
0
0
0
0
0
0
0
0
1
1
1
1
0
0
0
0
0
0
0
0
0
1
1
1
1
0
0
0
0
0
0
0
0
1
1
1
1
1
0
0
0
0
0
0
0
0
1
1
1
1
0
0
0
0
0
0
0
0
0
1
1
1
1
0
0
0
0
0
0
0
0
0
1
1
1
1
0
0
0
0
0
0
0
0
1
1
1
1
0
0
0
0
0
0
0
0
0
1
1

x^5 + 4x^4 + x^3 - 2x^2 + 100:
104
126
194
350
659
1207
2110
3512
5594
8572
12706
18299
25705
35329
47630
63130
82410
106120
134978
169779
211391
260765
318936
387026
466250
557916
663432
784308
922158
1078707
1255792
1455366
1679503
1930400
2210380
2521898
2867542
3250039
3672256
4137206
4648049
5208098
5820822
6489848
7218966
8012132
8873473
9807288
10818053
11910426
13089247
14359544
15726539
17195644
18772473
20462841
22272768
24208483
26276427
28483259
30835855
33341317
36006973
38840380
41849330
45041853
48426220
52010945
55804792
59816777
64056169
68532499
73255557
78235403
83482364
89007040
94820308
100933328
107357540
114104672
121186747
128616077
136405275
144567256
153115240
162062755
171423641
181212055
191442474
202129697
213288849
224935387
237085101
249754118
262958906
276716276
291043391
305957762
321477257
337620100

